445
421
810
195
438
183
833
25
295
670
589
608
65
371
290
499
914
390
456
665
231
524
916
17
706
165
847
608
42
707
374
101
720
191
206
827
163
370
884
167
791
741
427
165
397
737
969
399
549
39
236
106
217
580
918
358
986
470
787
12
801
623
340
277
163
42
463
743
183
504
993
608
657
724
724
724
458
577
221
508
42
660
594
396
120
156
20
962
65
117
708
885
334
48
441
799
802
856
841
917
141
804
116
675
851
25
697
766
735
16
210
417
190
936
947
165
884
898
814
747
787
445
268
753
178
554
417
864
115
250
396
991
949
559
59
307
443
55
586
762
897
410
420
50
38
202
645
917
377
516
904
868
966
515
27
590
631
918
280
978
303
779
811
222
238
361
640
938
797
446
189
494
651
208
235
959
163
618
119
552
402
63
111
531
635
621
430
130
838
620
922
538
842
778
221
438
649
478
7
404
244
4
668
36
884
587
717
661
266
765
613
344
784
697
278
285
607
806
595
816
263
570
435
249
885
431
972
523
320
831
181
276
289
592
896
571
901
881
362
487
359
819
861
616
237
775
604
823
506
488
503
144
388
7
372
578
664
702
844
360
282
357
353
428
297
420
862
636
95
231
613
768
950
626
764
471
39
538
425
841
738
311
367
962
167
703
239
7
776
543
503
627
918
50
726
786
254
900
597
121
886
960
400
472
675
413
381
5
415
581
252
522
0
680
245
909
583
519
475
440
637
765
440
965
854
612
117
516
404
901
701
945
385
714
453
250
82
858
832
114
455
571
760
69
423
946
237
751
333
776
45
11
993
779
28
757
690
794
166
195
404
565
627
764
258
236
723
859
230
582
84
78
152
803
202
307
865
296
63
98
377
362
697
262
340
471
399
300
379
626
926
898
210
225
643
142
459
689
396
441
540
531
319
740
75
52
697
411
220
141
541
906
169
919
30
584
891
267
828
188
154
536
987
882
485
185
72
381
334
996
746
735
678
3
800
946
412
485
780
426
752
496
817
844
501
336
617
97
814
463
913
712
266
17
749
720
195
364
852
946
656
629
21
839
1000
510
479
561
774
134
378
813
246
419
747
766
661
271
271
36
396
676
585
929
927
110
921
53
334
899
900
243
410
303
701
958
261
553
30
510
278
538
349
80
209
281
404
947
126
295
341
949
439
637
376
595
549
63
770
830
705
208
246
789
540
850
177
266
584
199
79
864
454
296
831
708
744
393
113
429
407
729
15
471
237
893
214
683
743
941
549
128
659
252
691
549
251
166
274
901
211
787
480
504
530
532
612
205
906
631
791
378
591
738
706
163
336
50
375
856
739
436
423
750
889
421
821
128
766
276
500
670
776
418
847
190
444
737
14
400
685
258
776
145
484
585
843
224
952
633
139
445
714
993
881
937
493
661
404
160
779
596
435
383
412
971
5
299
787
304
93
624
839
437
995
276
774
655
843
478
400
953
764
897
272
225
346
170
951
187
849
680
899
21
246
565
689
374
843
651
158
963
593
122
112
21
385
680
18
667
304
271
198
663
132
383
885
783
577
248
890
268
94
154
571
303
16
879
644
477
604
405
70
529
358
918
409
410
406
593
804
489
224
471
305
90
350
999
386
380
886
527
3
667
430
425
355
836
761
619
520
693
679
573
342
95
822
957
36
693
666
864
582
134
470
446
134
867
653
57
781
101
212
656
839
937
210
855
88
985
390
763
944
346
979
892
345
623
414
799
23
627
476
939
897
67
705
692
622
271
446
758
238
342
652
29
647
590
472
75
765
983
911
868
804
857
355
583
125
475
714
810
866
49
64
113
616
532
658
758
980
245
5
299
916
558
893
115
120
52
710
158
398
727
340
971
83
702
366
206
921
396
937
904
395
206
647
385
843
336
778
885
672
821
607
634
244
258
730
563
186
486
1
235
211
552
89
282
883
457
86
417
941
570
226
795
384
53
675
209
526
668
282
701
685
281
530
271
11
912
738
980
445
570
513
409
793
205
828
630
844
366
879
275
604
113
976
245
441
323
191
151
761
211
87
349
177
761
740
467
598
456
841
391
602
811
758
635
910
329
117
4
695
170
841
916
976
736
886
677
858
396
663
509
91
517
345
31
730
637
672
117
349
250
351
532
81
597
220
575
432
312
706
109
882
290
105
476
733
681
260
782
526
801
539
328
352
460
156
5
507
583
456
939
830
198
394
214
238
717
665
597
294
715
325
446
395
338
463
295
867
907
64
645
720
133
892
652
649
704
141
757
490
822
634
804
317
615
692
650
